ra: 317.14010425733994
dec: -21.19367070845
pmra: 18.927
pmdec: -60.119
rv: -8.91
teff: 9970.0
logg: 4.2
vsini: 199.0
grp_mag: 5.3
name: CHI CAP
