ra: 28.989415693558758
dec: -51.60887759053111
pmra: 680.11
pmdec: 294.318
rv: -6.3
teff: 5050.0
logg: 2.9000000953674316
vsini: 4.5
grp_mag: 2.857095956802368
name: Gliese 81
