ra: 37.193703323092784
dec: 32.25948763550719
pmra: 446.84
pmdec: 95.53
rv: -6.917
teff: 3898.0
logg: 5.0
vsini: 0.0
grp_mag: 8.032
name: Gliese 99
