ra: 280.6946016085025
dec: 59.63039151279416
pmra: -1311.679
pmdec: 1792.325
rv: -0.58
teff: 3470.0
logg: 4.77
vsini: 2.1
grp_mag: 6.706
name: HD 173739
