ra: 292.4264926137312
dec: 51.729777922052214
pmra: 20.804
pmdec: 127.895
rv: -19.5
teff: 7500.0
logg: 2.9
vsini: 240.0
grp_mag: 3.557
name: iota Cyg
