ra: 11.247212140629582
dec: -15.271539677775003
pmra: 318.152
pmdec: -596.623
rv: -13.329
teff: 3150.0
logg: 5.01
vsini: 0.0
grp_mag: 11.384
name: LHS1140
