ra: 346.62236872857875
dec: -5.041399250518334
pmra: 930.788
pmdec: -479.038
rv: -52.003101
teff: 2400.0
logg: 5.0
vsini: 3.0
grp_mag: 14.104
name: trappist-1
