ra: 113.65603096981002
dec: 31.86949434485999
pmra: -201.406
pmdec: -97.0
rv: 32.66
teff: 3885.0
logg: 5.0
vsini: 40.0
grp_mag: 7.325
name: YY Geminorum
